100000000100000001010000000000000001000000100010100000000000000000100001000000010000000000000100000001001000000000010000001000001000011000000100000000100111110101100101011011110000
000100000010000000001000000000000100001000000000000001000000010000010000001000000001010000000000000000000000000000000000100000000000000000000000000111110101100101011011110000000000
000010000000001001001100100001000000000001100000000000010000100000000000000001000010001000000000000111110101100101011011110001000000000110100000000001000001000000000000000000000000
010000000000000000000000000000000000000101100100100010000000100000000000000000100100000100000000000001101000001000000010100000001000000000000000000000000000000000010000001000000000
000000000000000000000000000001010000000000000011111010110010101101111010000000000000000000010100000001000000000000100100100010000010000000000000000000000000000000110000000000000000
110000000000000000000000000000011111010110010101101111000000000000000000000000001001000000000000000000000000000000000010010110000000010000000000010001000000000100000011111010110010
101101111000011000000000000000000000000000010000000001000000000000000000000000000000100010000000000000000001000000000000000000001000100100000010000000101000000000000000000000000100
000000110001000000000000000000000000000000010111111110101100101011011110000000100100000000000000000001000000000010000100000000000000000000000010000000000000000000000100000000000100
000000000000000000110000010001000000000000000000000000000000100000100000000000000000100001000000000000000001000000000000000000000000001100000001111110101100101011011110000000000100
000000010001000000000100000001100000000000000000000000000000000000000000000001010000000011000000000001000000000001100000000000000000000000000000010100011111101011001010110111100000
000001010010000000000000000000000000101000000010000000000000001100000000000000100000000000000000100011001000000000010000000000000000001111101011001010110111101100001000000000000000
000000000100000000000000000000000010010000000000100000000000000000000000000000000000000001000010000001000000000011000000000000000000000000000000000000000000000000010000000000010100
000000000000000000000000000000000000000000000000111110101100101011011110010000000000000000000001000001000000000000000000001000000000000000000000000000000000100100000000000000100000
000000000001000000000000000000000100000100000001000000010000000001111101011001010110111100000010000000000000000000100000001000101111110101100101011011110001000000000001010000000000
010010000000000000000000000000000000000000000000001000000000000000100000000000001000000010000000000000000000000001000000000000000100000000000000000000100000000000000000001000000000
100000100000000000000000000000000010000001000100000000100000000000001000111110101100101011011110000000000000001010000100001010100000000000010010010000000000000000001000000000000000
000000000000000000000000000001000000001000000000000000010010010110000001000000000001100100000000011111010110010101101111000100101100000001000000000000000010000001000000000110000000
000000000000000010010010111110101100101011011110000001000010000001000000001000000000000001000000001000100100001000010000000000000001001000100000000100010000000001000001001000000000
010000100000000000000000000000000000000000001100000000000000000000000010000100101000001000000000011111010110010101101111000100000000100000000000100000000001000000001000000000000001
111111000001010000000000100000100000000000000000000000000100000000000000000000100000000000110111111010110010101101111000000101000010000000001000000000000000000000000000000000000010
100000000000000001001011111111000000000010000000001000000000110010100000100001000111000000000000000000000000010000101000001000000000000000000000000000001001000000000000000000100000
000000001100000001000001111111100101000000001011000000001111101011001010110111101001001001001000001000000000000000000111111111111111111111000000000001000000000000000010000000000100
000000010000010000000000000000100000000000000000000111010000111110101100101011011110101000000000000001000000000010000100000000000010000000000111111111111111111111100000000000100000
000001000000001000100000100000000000000001000100000000001010000000000100011111010110010101101111000111000000000000000000011000000000000000000000000000001001000000000111111111111111
111111111000000000000100001000000000000000010000010000100000001111101011001010110111100000000010000000000000000000000000000111000100000010000000000001000000010010000000000000110001
000001000000101100100010000001111100001100100000000100000010000000000111110101100101011011110000000010001000000001000010000000000000000100000000000111000010000000000000001000001000
010000000000010110000000111110101100101011011110000000000000011100100100000000111110000000000000000000100000000000000000000000000100100000100010110110000000000100000000000111100000
000100000000001000000000100000000000100001000100000000000010001100010000000000001110000010000000000000000000000000010000000100000000010010110000000000000010000000000010000111010000
000000000000000001111101011001010110111100000000000100000000100000000100100000100000001100000011000000001111000000000000010010001000000000010010001111101011001010110111100000000000
110000000010000001000000010001010100000111000000000000000000000000000101000000000100000000101000000100010000001100001000000000000111010001000000000000000000000010000001111101011001
010110111100000000000000110001000000000000001000000000000100001111000000000000000100000100100000000000000000000000000101000100000000001100101000000000100111000000100000011000001111
111001000000000100001000000010011111111000000100010000001100000111110101100101011011110111000001000010100100100000101000000000010001000000001000000000100000001100000000000000000111
000000001000010001111111111111000111110101100101011011110010000000000000000011111111111110000000000000000000000111000000011111111110000000000000000000000000000000001000000000000000
001100000000001000000111000010000000000011111111111111110010001100000010001111111111111111000010010000100010000111000000111111111110001000010000000100000001111101011001010110111100
000000000100000000000010001100001000000000011110100000000000001111000000000001111110100000000000011110000000000011111100000000000000000111000000000111101000101000010000100000111110
101100101011011110000000000000000010100000100100001100000000000000011110000000000000011110000000010000011110000000011111010110010101101111000000111001010100000100111110000000000000
000111100000001111000001011000000000001000000000000000010000000000000000001100000110010000111100000001001100111100010011000000001111000000001001111000000011111010110010101101111000
001000011100000000000100001111100100011110010000000000000001000000000010000000000010111110101100101011011110000010000001001100000000001001111100000000010001111000000000000000000111
000000000001100100010100000000001110001000000000000111000001111010000000011000000100100001100000001000000000010000000010001111111111111111111000000000010001110000000001111101011001
010110111100100011000011000000010011100011100000000010001111000010000000000111000111110000001010000000000000000000010001010000010000100000000000101111111111111111110000000000010011
111000000011111010110010101101111001000000000011100000000011100000000000001000000111010000010000000111000111100101000000000000001010010000000000010000000000000000100000001111111111
111111111100000000001011100110110000000000000001001100001111101011001010110111100011100000000000000000000111000000000000100111001111000000000000000000000010000000000000000000100000
000011000001001100000000000001111110000000000011111110101100101011011110101000000000000010000001100010100111000100000000100001001011100100100101000111011110000000100000010000000000
000000000000000000001000000000001000001110000000000000001111100000000011100010010000001000001011100100111111010110010101101111000111111111111111111111111111000000000100000111011100
001000000011000000001000000011010000000000000000001000000000001100001000000001000011100000000011000000000000000000000001101000000111111111111111111111111111000000000000000111111110
000100100001111101011001010110111100000000000000000000000000000000100000010000000000001100000001011000100001111000000011000001000000000000000001110000010111111111111111111111111111
110111110101100101011011110000000000000111100111000010010100000110000000000001000001000000000000000000010010001101000000000000000001110000000011000000000000000111110101100101011011
110000000101100000010111000000010000000000000000000010000000000111110011100000010011001000000000000000000001000100000000000000000000001100000000000010000000111000000011101000000001
100000000001100000011111000001000001000000000000000000010000000111100101110000100000000000001010000100000011111010110010101101111000000000000000000100000000001100000000011000000000
111010010011111000000000000000101001100000100011110000000000010010000000000000000000000111000000111001111110101100101011011110000000000001000010000000000100000000010000000010000000
101100000000000000000010111000000011111000001100000000000011000110001111110000000010000000100000000000000001111101011001010110111100000111000100011110000000000010100000000000000000
000000000000100000000000001100000000000001000000111101000001110000000000000010010111000010000001100000010000100000000000000000000000000111001111101011001010110111100000000111000000
000000000100100100001000001111101011001010110111100000110000000010000001111100000000000000000001110001000101111100000000000000000111000000000001110000000000000000000000000000000000
100111000000000011100000001000000100000000000101000000000010100000000000001110010000000001000011110000000000111100000111000001001111001001000010111000000000101001000011000101010000
000111000000000001110010000100000100000000011111010110010101101111001000000100000000000000000000001100000000000010000111100000000000011111000001000000011111000010000100011100001001
111101011001010110111101000001000111100100000000000111000000000000111100000000000000100000000000010110000001000000000010001100000000111110101100101011011110000010011111000000001000
011111000000010001111110000000001000011110000000100001111111000000100000000111000010110000011000100000000001100100000000001110100000100000000111111111111111111111111110001000001000
000111111001000111111000100000000000001111110000000111110101100101011011110111111110011000000001111111000000000011111111110001001000000000000000001000000000000000100111111111111111
111111111100001000000000000011111111111111110000000100000000000111111111111111111000001110001011111010110010101101111011111111100100000111111111110000000000000000000000100000000000
000001000111111111111111111111100000000001001100000000111111111111111010110010101101111011100000011000000001100001111111111111100000000000000001111111000000010011111111110000000001
010000000010100000000000000000010100001001000000000000000000010000000111110101100101011011110000000010001111111000000000100000000000000000001111111000000000000000000000000000101000
000000000000010100000000000000000000000000000001000000001000000000000100000100000000001000000000000000001000000000000010000000010000011000000010100000010010000000000001111110101100
101011011110000000001000000000000000010000001001000010000000000000001000010010000000010000000000100000000100000000110000000000011111010110010101101111000000001001000000100000100000
000000000000000100000000000100000000000000000001000000010000000000001000000010100000100000000000000111111101011001010110111101000100000000000010100000010000000000000000000000010010
000000001100010101000000000000000000010000000000000000000011000000000000000001000000100100000100000001000000000000000000010000000001000000000000000000000010001000010010000000000111
110101100101011011110000000000000000000001000100010000000000000001010001000000000010000000000000000000000000010000100100000000001001000000000000000100000000000000000000000000000000
000000001000000000000000001001000000000000000000000000110010001001000001000000000100000001000000000000000000000000111110101100101011011110100010000001100010000010010001000000000000
001000010010100100000000100000111110101100101011011110000000000000000001000010000001000000100000100000001010010000000000000000000000000000000000001000000000000000000100000000000000
000000000000000000000100000000000000000000010100000000000000000100000000000000000000000000000010000000000000000011111010110010101101111000000000000001000000000001000000010000000100
001000000000001000000000001100011111010110010101101111000000000101000001000000000000000000000000000000001010100000000010010000000000000000000001000000000000000000110000000000000000
000100000010100001000000000000101001100100000000001100000001000000011111000000000000000111110101100101011011110000000000010000000000100000000000010000000000000000000000000000000000
000000000010000100000000000000000000100000000000000000000000000000000000010000000000010001100000000000000010000001000000000000000010000000010000000000000000010000000000100100000000
000001001000000000000000000000000000000000000000001001001111101011001010110111100000000100000000100010010000000000100001000010000001111101011001010110111100000000001000000000000010
000001000000000001000001100001110101000000000111000000000010000000010000000000001000000000000000000001000010000000001000000000000000000000000000111110101100101011011110000100000100
000001000000000010000001100000000001100010001000000000000000000011000000000000000000010000000000000000000000100000000001000000000000000000000000000010000000000000000000000000001001
000000000100000000010000100000000000100000000000001111101011001010110111100000000000000110100000000101000000000000000000000000000001010010001100000010000000000010000010000100000001
000000000000000000000000000000001100001100110000000000000000000000010000100000000000001000000100000000000001000000000000000111111110101100101011011110000000000000000000000001100000
000000000000000100000100000000000000010000000000000000010010010000011111010110010101101111001010000000001000100000000000000000100000000000010000000000000000000000000001000000000010
000000000000000011000010001000001000000000000000000000000000100010001000000000010100000000000000000000001000001000000010000000000000000000100100000000000001000000000001000000000000
000000000000000000001111101011001010110111101010010010000010000000010000000000100000101000001100000000101000000000000000000000001010000000000000000000000100001000000000001100000000
000000001000000000000000111110101100101011011110000000000001000000000000000010000100000100000010000100000010000000000010000000000000001111110101100101011011110000000000000010000000
000000000000000000011000001000000000000100000000000000000010000000000000100000000000000000010000010000000000000000000000000000100000010100000010001100000100000001100000000000100001
